,AID,annualYieldRate,annualExcessYieldRate,MonthlyYieldRate,MonthlyExcessYieldRate,annualYieldRate(non-compounding),annualExcessYieldRate(non-compounding),originalYieldRate,originalYieldExcessYieldRate,openingTimes,closingTimes,ATF,HTF,TF,SharpeRate(annual),SharpeRate(original)
0,601211.SH,0.006853300807062081,0.006596178438111229,0.006274474866310161,0.006038259839572193,0.07529369839572193,0.07245911807486631,0.06901922352941177,0.06642085823529412,2.0,1.0588235294117647,1351.550588235294,10004.011764705883,11355.562352941177,0.5040668351316481,0.5038892077067821
1,601828.SH,-0.0048130231124431004,-0.002352256781427272,-0.004413708409090908,-0.002156887575757575,-0.0529645009090909,-0.0258826509090909,-0.048550792499999995,-0.023725763333333327,0.8333333333333334,0.0,877.9766666666665,6133.413333333333,7011.389999999999,-1.3585717845407097,-1.3588028330615876
2,600958.SH,0.00023025663030771487,0.0008061132853794593,0.00020964824675324663,0.0007364420779220774,0.0025157789610389595,0.008837304935064929,0.002306130714285713,0.008100862857142852,1.0,0.14285714285714285,1162.7614285714285,5468.511071428571,6631.2725,0.028099861616066476,0.02791342418701965
3,601811.SH,0.0006546552189926058,0.0011770689378286666,0.0005984961570247935,0.001076726859504133,0.007181953884297522,0.012920722314049598,0.006583457727272728,0.011843995454545463,1.0909090909090908,0.2727272727272727,842.0486363636363,8104.052272727274,8946.100909090908,0.08400244444798691,0.08383603969538253
4,601881.SH,0.004024567673141459,0.00162815001175053,0.0036765106719367597,0.0014825675098814237,0.04411812806324111,0.017790810118577083,0.040441617391304356,0.01630824260869566,1.0,0.13043478260869565,1066.9491304347825,6879.3530434782615,7946.302173913044,0.2447683175192571,0.2441262854494631
5,601868.SH,-0.010359167041746886,-0.0052793799237803585,-0.009500017272727273,-0.0048404981818181815,-0.11400020727272728,-0.05808597818181818,-0.10450019,-0.05324548,1.0,0.0,1122.9,6833.86,7956.76,,
6,601818.SH,0.0006225095674192126,-0.0005622434803609667,0.0005691531818181818,-0.0005161393181818183,0.006829838181818182,-0.0061936718181818205,0.006260685,-0.005677532500000001,1.03125,0.09375,1035.8796875,6039.368437499999,7075.248125,0.13945385951156467,0.13909343535309832
7,600999.SH,-0.001909998974587151,-0.001624437077559129,-0.0017531413131313136,-0.0014906002020202008,-0.02103769575757576,-0.01788720242424241,-0.01928455444444445,-0.01639660222222221,0.8888888888888888,0.0,1111.9544444444446,5363.525555555556,6475.48,-0.2937962047147522,-0.29427159504426137
8,600600.SH,0.005325425019471834,-0.0016691278261530495,0.004874163515151515,-0.0015319415151515156,0.05848996218181818,-0.01838329818181819,0.053615798666666666,-0.01685135666666667,1.3333333333333333,0.4,1092.283333333333,7565.108666666666,8657.392,0.7504446694540187,0.749058673226626
9,600585.SH,0.005151630157084647,-0.0017176901922449858,0.004712782057416268,-0.0015765851674641165,0.05655338468899522,-0.018919022009569398,0.05184060263157895,-0.01734243684210528,1.7894736842105263,0.9473684210526315,1211.886842105263,8181.089999999999,9392.976842105263,0.7086929686946989,0.7068421434292328
10,600362.SH,0.001426510370165468,-0.002370374433373895,0.0013044766818181822,-0.002174962863636361,0.015653720181818185,-0.026099554363636333,0.014349243500000003,-0.02392459149999997,1.1,0.2,1182.034,5893.1685,7075.202499999999,0.19673246018063223,0.19631149308836346
11,600012.SH,-0.0037387871192586055,-0.006398128637543854,-0.0034286039393939386,-0.005867551212121211,-0.041143247272727265,-0.07041061454545453,-0.037714643333333325,-0.06454306333333332,0.8888888888888888,0.0,1032.8255555555556,8181.923333333333,9214.74888888889,-0.680864023794604,-0.6806280439517703
12,601788.SH,-0.0006652812606424696,0.00798146546914449,-0.0006143356521739131,0.007304173833992096,-0.007372027826086957,0.08765008600790515,-0.006757692173913044,0.08034591217391306,1.0869565217391304,0.08695652173913043,1185.3386956521738,6435.710000000001,7621.048695652175,-0.04049956350385801,-0.040840022458119116
13,601688.SH,0.0017604188818567642,-0.0011887513512985621,0.0016095619656019656,-0.0010927755282555277,0.019314743587223588,-0.013113306339066332,0.017705181621621623,-0.012020530810810805,1.0,0.05405405405405406,989.9137837837837,6508.774054054053,7498.687837837835,0.19504505236965192,0.19451252358758864
14,601398.SH,0.004980415166009379,0.0009124809822122856,0.0045621511285266455,0.0008351980877742954,0.05474581354231975,0.010022377053291546,0.0501836624137931,0.00918717896551725,1.0344827586206897,0.06896551724137931,1111.4924137931034,5904.844137931035,7016.336551724137,0.8682550659252483,0.867802981479181
15,601939.SH,-0.00012758710267282824,-0.002246285768636922,-0.00011755833992094853,-0.00206025280632411,-0.0014107000790513824,-0.024723033675889322,-0.0012931417391304338,-0.022662780869565212,0.782608695652174,0.043478260869565216,889.1743478260869,6287.772173913044,7176.946521739132,-0.02484605064761701,-0.024972817423486376
16,600808.SH,-0.0006226619316060652,0.00038416228483074163,-0.0005733194258373208,0.00035066444976076687,-0.0068798331100478494,0.004207973397129202,-0.006306513684210528,0.0038573089473684353,1.0,0.10526315789473684,1078.0431578947369,6274.374210526315,7352.417368421054,-0.0972918946756033,-0.09775025459847718
17,600029.SH,0.006956415007412161,-0.003633127375178333,0.006367350417690419,-0.0033352254791154806,0.07640820501228503,-0.04002270574938577,0.07004085459459461,-0.03668748027027029,1.2702702702702702,0.35135135135135137,1346.3594594594592,5310.517567567566,6656.877027027027,0.6460833789157873,0.6444488025630767
18,600547.SH,-0.0027638301236095775,-0.0022245036682042216,-0.0025362130303030303,-0.0020429513131313137,-0.030434556363636366,-0.024515415757575765,-0.027898343333333336,-0.02247246444444445,0.8888888888888888,0.0,1365.5144444444443,4277.625555555556,5643.14,-0.2674495356724856,-0.2676909531786984
19,601288.SH,0.0021568880012797827,-0.0006749864396466965,0.0019751859917355374,-0.0006196473553718992,0.02370223190082645,-0.007435768264462791,0.02172704590909091,-0.006816120909090891,1.1818181818181819,0.18181818181818182,1119.3218181818183,5828.080454545455,6947.402272727273,0.4358795144765426,0.4354791163640786
20,600026.SH,-0.0008432676218469187,-0.002260205561493727,-0.0007785942228739004,-0.002075356686217008,-0.009343130674486805,-0.024904280234604097,-0.008564536451612904,-0.02282892354838709,0.967741935483871,0.0967741935483871,820.130322580645,6998.509032258065,7818.639354838709,-0.08914430456147547,-0.08980263004357429
21,600028.SH,0.0011401851077688467,0.000459842860167603,0.0010430482424242423,0.0004194280606060613,0.012516578909090907,0.005033136727272736,0.011473530666666665,0.004613708666666674,1.0666666666666667,0.06666666666666667,1183.5586666666668,5954.126666666668,7137.685333333334,0.14896830641029962,0.1486783940048364
22,600196.SH,0.011601401055634753,-0.0048495801205666825,0.010622269545454545,-0.004452965727272725,0.12746723454545453,-0.053435588727272706,0.116844965,-0.04898262299999998,1.35,0.35,1592.6665000000003,4561.206499999999,6153.8730000000005,0.863397992354769,0.8615751226745528
23,600377.SH,-0.0006735919441915443,0.0009317674270693772,-0.0006193462756598239,0.0008533583870967757,-0.007432155307917887,0.010240300645161307,-0.006812809032258062,0.009386942258064532,1.4838709677419355,0.5483870967741935,950.5035483870967,7759.798064516127,8710.301612903226,-0.1514171689812476,-0.15194310589402735
24,600115.SH,0.00633247736531033,-0.0059749154365353885,0.005797162768595041,-0.005483636404958674,0.06956595322314049,-0.06580363685950409,0.06376879045454545,-0.06032000045454542,0.9545454545454546,0.0,1094.1472727272726,6713.190000000001,7807.3372727272745,0.5281394742451202,0.5273178370489
25,600690.SH,-0.0033045580538427987,-0.0014894268685250677,-0.0030301682727272724,-0.0013661751818181836,-0.03636201927272727,-0.016394102181818204,-0.033331850999999996,-0.01502792700000002,1.2,0.4,1469.19,3527.941,4997.131,-0.6935339019587774,-0.6935977260289468
26,600036.SH,0.0014582011568260176,-0.0018487983447365173,0.0013349362068965514,-0.0016954261128526633,0.016019234482758618,-0.02034511335423196,0.014684298275862066,-0.018649687241379297,1.3103448275862069,0.3793103448275862,1254.4448275862069,5793.412413793103,7047.857241379311,0.3731928390586154,0.37268528312085686
27,601991.SH,-0.002441599365414684,-0.002837452690291219,-0.0022385831313131315,-0.002601661414141412,-0.02686299757575758,-0.031219936969696944,-0.024624414444444447,-0.028618275555555534,0.7777777777777778,0.1111111111111111,1112.1344444444444,5858.253333333334,6970.387777777778,-0.7558952359784487,-0.7558737525027704
28,600030.SH,-0.0007214738385408262,-0.002007307603015169,-0.0006627917703349281,-0.0018403036363636353,-0.007953501244019138,-0.022083643636363625,-0.007290709473684209,-0.020243339999999988,0.9473684210526315,0.0,1196.3647368421052,3772.5226315789478,4968.887368421053,-0.40050847160060765,-0.4013198802738018
29,600688.SH,0.000994846759262013,-0.00019899787668411234,0.0009110009625668447,-0.00018529727272727198,0.010932011550802137,-0.0022235672727272636,0.010021010588235292,-0.0020382699999999918,1.0,0.11764705882352941,1078.4852941176468,6094.595882352942,7173.081176470589,0.1110563121891759,0.11095879317305168
30,601328.SH,0.0021417080742580086,0.00033064408906743583,0.0019610332323232323,0.00030094563131313274,0.023532398787878786,0.0036113475757575926,0.021571365555555555,0.00331040194444446,1.3055555555555556,0.3333333333333333,1309.2705555555556,8112.034999999999,9421.305555555555,0.2816051623191299,0.2813958278133228
31,600027.SH,-0.0027481370645621524,0.00032252129559355455,-0.0025249974380165286,0.00029373314049586994,-0.030299969256198343,0.0035247976859504393,-0.027774971818181813,0.0032310645454545696,0.9090909090909091,0.045454545454545456,816.7854545454545,6148.509090909091,6965.294545454546,-0.3791762887851233,-0.38023173501456575
32,601998.SH,0.0016114563838420144,0.0005890121269426125,0.0014755923011363636,0.0005385214772727284,0.017707107613636364,0.006462257727272741,0.0162315153125,0.005923736250000013,1.0625,0.1875,1112.1096874999998,6879.719375000001,7991.8290625,0.26236746469610955,0.26214114381725556
33,600685.SH,0.0029019524869982258,0.0014462011183047699,0.0026488742613636363,0.00131929,0.031786491136363636,0.015831480000000002,0.029137616875,0.014512190000000001,1.1875,0.1875,1194.62875,5413.9243750000005,6608.553125,0.21786640177395564,0.21708429188062064
34,601988.SH,0.0017946941494360845,-0.0025808974523212347,0.0016438046022727271,-0.002367170880681818,0.019725655227272727,-0.028406050568181816,0.018081850625,-0.026038879687499995,1.0,0.09375,1022.7465625000001,6184.665,7207.4115624999995,0.3303412979500487,0.33005906739889207
35,601588.SH,-0.002572179768077646,0.0017780297863494536,-0.002358944621212121,0.0016262690909090887,-0.028307335454545453,0.019515229090909064,-0.025948390833333335,0.017888959999999975,1.0,0.08333333333333333,963.7825000000001,6487.503333333333,7451.285833333334,-0.25774493220805733,-0.2579845051042473
36,600011.SH,-0.00027491394852106427,0.0030413122249677064,-0.00025398140151515144,0.002782206098484847,-0.0030477768181818173,0.033386473181818165,-0.002793795416666666,0.03060426708333332,0.875,0.0,1032.9020833333334,5227.209583333333,6260.111666666667,-0.022740970670085108,-0.022935708514515984
37,600660.SH,-0.00226574859880924,-0.0009358887234215859,-0.0020795857239057237,-0.0008591506060606053,-0.024955028686868684,-0.010309807272727263,-0.022875442962962962,-0.009450656666666658,1.4814814814814814,0.5555555555555556,1543.6685185185186,3383.542222222222,4927.210740740739,-0.3939135495456604,-0.3943454431195572
38,601866.SH,0.0022206584249661356,-0.0013913478253330495,0.002029617443181818,-0.001278875823863636,0.024355409318181816,-0.015346509886363633,0.022325791875,-0.014067634062499997,1.0,0.0625,967.993125,6737.8796875,7705.8728125,0.23154753122715735,0.23090847457098243
39,601899.SH,0.0021794528955279206,-0.0074118821213842575,0.001994392561983471,-0.006800029999999996,0.023932710743801648,-0.08160035999999996,0.02193831818181818,-0.07480032999999996,1.1818181818181819,0.18181818181818182,1169.098181818182,10636.697272727273,11805.795454545454,0.2121986325909413,0.21164706775023262
40,600837.SH,0.0039782495564096776,0.001114632218308347,0.003637430626959247,0.001020887711598747,0.043649167523510966,0.012250652539184965,0.04001173689655172,0.011229764827586216,0.9655172413793104,0.1724137931034483,1316.9117241379308,3066.34103448276,4383.252758620691,0.8468971895125236,0.8450206116893754
41,600332.SH,0.0007769857660810867,0.0007688857767383928,0.000710476083916084,0.0007025445454545465,0.008525713006993008,0.008430534545454558,0.007815236923076924,0.007727990000000012,0.7692307692307693,0.0,1002.2876923076923,5767.361538461537,6769.649230769231,0.09720416060658384,0.09699966590162774
42,601633.SH,0.0072464284693629305,-0.0055577895632556995,0.006630184440559439,-0.005103363251748251,0.07956221328671326,-0.06124035902097902,0.07293202884615382,-0.056136995769230764,1.1153846153846154,0.11538461538461539,988.9826923076924,8875.065769230769,9864.048461538461,0.5078977617968596,0.5065675024456527
43,600775.SH,0.004679210825624169,0.002144294315727299,0.004277568347107437,0.0019590424793388436,0.05133082016528925,0.02350850975206612,0.04705325181818181,0.021549467272727277,1.0,0.0,1072.5563636363638,6719.780909090909,7792.337272727274,0.344081220472086,0.34333618685664596
44,601336.SH,-0.0019350239748469969,0.0012806663970080315,-0.0017756644480519486,0.001171824415584415,-0.021307973376623383,0.014061892987012981,-0.019532308928571433,0.012890068571428565,1.2142857142857142,0.25,1061.9978571428571,6743.479999999999,7805.47785714286,-0.25845576335534576,-0.2588235085504703
45,601318.SH,0.0011052335358370706,-0.0017858809381447861,0.0010117071786833855,-0.0016382586833855782,0.012140486144200626,-0.01965910420062694,0.01112877896551724,-0.01802084551724136,1.103448275862069,0.27586206896551724,1084.5224137931034,7139.764827586207,8224.28724137931,0.20449521681446634,0.20417847560504768
46,601601.SH,-0.0012593357267000123,-0.0015136843861380683,-0.001156182181818182,-0.0013891333246753251,-0.013874186181818184,-0.0166695998961039,-0.012718004000000002,-0.015280466571428576,1.0857142857142856,0.2,1014.2671428571429,6778.670571428573,7792.937714285713,-0.19796411712157602,-0.19827996622751815
47,600016.SH,2.5844887949643e-06,-0.0001552894855724103,3.2575757575745764e-07,-0.00014364080808080813,3.909090909089492e-06,-0.0017236896969696977,3.583333333332034e-06,-0.0015800488888888895,1.037037037037037,0.037037037037037035,1417.4411111111112,5119.688888888889,6537.13,0.00043455204926434987,5.980429149815593e-05
48,601628.SH,0.0027842015995750424,-0.004277874796376452,0.0025456840909090905,-0.003922567045454544,0.030548209090909086,-0.04707080454545452,0.028002524999999997,-0.043148237499999985,1.0,0.125,952.18,5769.845,6722.025,0.7351961857806913,0.7330195310954603
49,601618.SH,-0.004422998369847838,-0.0023116146483580908,-0.004057735974025973,-0.0021219646103896104,-0.04869283168831168,-0.025463575324675324,-0.04463509571428571,-0.023341610714285716,1.0,0.07142857142857142,935.3792857142856,5647.218571428571,6582.597857142858,-0.5003964262637968,-0.5006610168553453
50,601390.SH,-0.0004571621511599844,-0.0012805654231585843,-0.0004209695454545453,-0.0011749196212121182,-0.005051634545454544,-0.014099035454545418,-0.004630664999999998,-0.0129241158333333,0.75,0.0,1041.7191666666665,4913.6925,5955.411666666667,-0.08521327837970334,-0.08562859056729648
51,601800.SH,-0.0031046524713577587,0.0010423631125061458,-0.0028508493939393936,0.0009528398701298706,-0.03421019272727272,0.011434078441558448,-0.03135934333333333,0.010481238571428577,1.2857142857142858,0.3333333333333333,1038.399523809524,6030.440952380953,7068.840476190476,-0.36587110056929045,-0.36650577429661635
52,601992.SH,-0.003480465271624816,-0.0004708740973248619,-0.0031926566666666666,-0.0004349730303030279,-0.03831188,-0.005219676363636335,-0.03511922333333333,-0.004784703333333307,1.3333333333333333,0.4444444444444444,949.933888888889,7898.503333333333,8848.437222222223,-0.3614221684949441,-0.36187283642590456
53,601238.SH,-0.003301770937740861,-0.0018624327166082773,-0.003027461052631579,-0.0017104488516746417,-0.036329532631578954,-0.020525386220095698,-0.03330207157894737,-0.018814937368421058,0.8421052631578947,0.05263157894736842,1026.1836842105265,5501.992105263157,6528.175789473685,-0.35756352708956585,-0.3576785008525101
54,601186.SH,-0.002564646750042099,0.0020387439783772165,-0.0023523632727272723,0.001866835409090908,-0.028228359272727266,0.022402024909090896,-0.025875995999999995,0.020535189499999988,0.95,0.0,974.2495000000002,5604.516500000001,6578.765999999999,-0.3578293781979611,-0.35822510228363535
55,601766.SH,0.0008750568212739537,0.0012701645595410776,0.0007999856565656566,0.0011630401683501688,0.00959982787878788,0.013956482020202027,0.008799842222222222,0.012793441851851857,0.9259259259259259,0.037037037037037035,1107.4881481481482,5707.341481481481,6814.829629629629,0.1519278190976445,0.15157560493649025
56,601898.SH,0.0010821511760649605,-0.0007835888964925653,0.0009883868636363638,-0.0007224766818181824,0.011860642363636365,-0.00866972018181819,0.0108722555,-0.007947243500000006,1.3,0.3,1336.3339999999998,6821.7795,8158.113500000001,0.10093884454246327,0.10059722752292984
57,601808.SH,6.39959336324325e-05,-0.004486771539623322,5.541156249999986e-05,-0.00411734752840909,0.0006649387499999983,-0.04940817034090908,0.0006095271874999985,-0.04529082281249999,1.03125,0.125,1223.1209374999999,6504.1334375,7727.254375,0.006410743628653121,0.006053502515253051
58,601717.SH,0.004298761894575263,-0.0002130493651949228,0.003934176875,-0.00020277093749999887,0.04721012249999999,-0.0024332512499999864,0.043275945625,-0.0022304803124999877,1.25,0.34375,1316.3884375,6599.61875,7916.007187499999,0.30155945734738954,0.30128521406212
59,601919.SH,0.0031899404430645556,-0.0062316386427633775,0.002913194610389611,-0.005717503344155842,0.03495833532467533,-0.06861004012987011,0.03204514071428572,-0.06289253678571427,0.9642857142857143,0.03571428571428571,1079.2235714285712,5970.603214285715,7049.8267857142855,0.3198351644512269,0.3185476291378788
60,603993.SH,-0.0007425467415243636,-0.002296571146862325,-0.0006895938181818186,-0.002107094454545454,-0.008275125818181822,-0.02528513345454545,-0.007585532000000004,-0.023178038999999998,1.4,0.4,1224.3045,6319.2294999999995,7543.534,-0.10852261239685246,-0.10992746354504868
61,688366.SH,-0.002099964949545662,0.012319937279440252,-0.0019355330303030308,0.011276441919191919,-0.02322639636363637,0.13531730303030304,-0.02129086333333334,0.12404086111111111,1.7777777777777777,0.7777777777777778,1083.2866666666666,7033.058888888888,8116.345555555556,-0.11546508713916291,-0.11624121727287963
62,601326.SH,0.00704864569904412,0.004316001765488731,0.006452862479338842,0.00395146896694215,0.0774343497520661,0.0474176276033058,0.07098148727272727,0.043466158636363654,1.1818181818181819,0.2727272727272727,1106.705,7969.955454545454,9076.660454545454,0.6567778304445986,0.6565984767979328
63,600875.SH,-0.001762465504977495,-0.0031914876361802164,-0.0016188047878787873,-0.0029279075757575736,-0.01942565745454545,-0.03513489090909088,-0.01780685266666666,-0.03220698333333331,1.2,0.2,1121.492,5531.601999999999,6653.094,-0.23597706496072968,-0.23648874697386396
64,601607.SH,-0.0015395280708695447,-0.0025994014833145783,-0.001411649090909091,-0.002383938545454545,-0.016939789090909093,-0.028607262545454544,-0.015528140000000001,-0.026223324,0.9,0.0,1317.187,4819.701,6136.888000000001,-0.30205632869792215,-0.3020784726101794
65,600860.SH,0.003737462074523728,0.012230548339374212,0.003404637272727272,0.011173755382775121,0.040855647272727266,0.13408506459330144,0.03745100999999999,0.12291130921052633,1.7894736842105263,0.8947368421052632,1402.78,9103.228684210526,10506.008684210523,0.12586551286122272,0.1254200470539075
66,600871.SH,-0.001503843143440764,-0.001559150637531305,-0.0013822828063241104,-0.001433576086956521,-0.016587393675889326,-0.017202913043478252,-0.015205110869565214,-0.01576933695652173,0.9130434782608695,0.043478260869565216,1075.8965217391305,5765.6613043478255,6841.557826086957,-0.13898599512844284,-0.1394325780935913
67,601880.SH,-0.0017455540561010208,2.48353368575128e-05,-0.0016019134615384615,2.089479020979327e-05,-0.019222961538461536,0.0002507374825175192,-0.017621048076923076,0.00022984269230772597,1.0,0.038461538461538464,764.5665384615386,7195.9807692307695,7960.547307692308,-0.2442555958133997,-0.24460459922844402
68,600874.SH,0.005240175413926618,-0.0007278136605100069,0.004796932987012986,-0.0006709790909090931,0.05756319584415584,-0.008051749090909117,0.05276626285714285,-0.007380770000000024,1.0476190476190477,0.14285714285714285,1058.1319047619047,6911.527619047619,7969.659523809522,0.5138017422809167,0.5129184084654049
69,601857.SH,-0.0021448227955190974,0.001035745027375339,-0.0019717308133971293,0.0009470967942583737,-0.023660769760765553,0.011365161531100485,-0.02168903894736842,0.010418064736842111,0.8947368421052632,0.05263157894736842,1011.7673684210525,6048.0610526315795,7059.828421052633,-0.26884361304359944,-0.26971018281441106
70,601005.SH,0.0021957396702470956,0.007782101839340756,0.0020058168774703556,0.007125966719367588,0.024069802529644267,0.08551160063241106,0.02206398565217391,0.07838563391304347,1.608695652173913,0.6956521739130435,1276.528260869565,7511.18,8787.708260869565,0.1810523344460917,0.18057753114944583
71,601333.SH,-0.0030632199885139858,0.0005954103465554531,-0.0028096775935828873,0.0005439682352941177,-0.033716131122994646,0.006527618823529412,-0.03090645352941176,0.005983650588235294,1.1764705882352942,0.29411764705882354,1086.9882352941177,7363.390588235293,8450.378823529412,-0.4309590279179834,-0.4313540364707194
72,601727.SH,-0.0015855489905004033,0.0008902036129702181,-0.0014566095256916996,0.0008145923320158101,-0.017479314308300395,0.009775107984189721,-0.016022704782608695,0.00896051565217391,1.3043478260869565,0.34782608695652173,1207.2143478260869,6394.07,7601.2843478260875,-0.25601887817932145,-0.25665268208468994
73,601107.SH,-0.0005644482102550375,-0.0008820678348916758,-0.0005183916804407713,-0.0008098262258953158,-0.006220700165289255,-0.00971791471074379,-0.005702308484848484,-0.008908088484848474,1.121212121212121,0.18181818181818182,1020.3818181818182,7778.664242424242,8799.046060606059,-0.0977395573273112,-0.09793673748872554
74,601111.SH,0.0042763675665137306,0.003975192852000392,0.003914292035573122,0.0036382577272727275,0.04697150442687747,0.04365909272727273,0.04305721239130435,0.040020835000000005,1.6304347826086956,0.7391304347826086,1242.3315217391305,7533.849565217393,8776.181086956522,0.3653827077874624,0.3652188177252003
75,601600.SH,-0.0012199579827800108,-0.0064937773001184085,-0.001123641761363636,-0.005957019659090909,-0.013483701136363633,-0.0714842359090909,-0.012360059374999998,-0.06552721624999999,1.0,0.0625,1166.37625,6614.128125,7780.504375,-0.13948374330810617,-0.1399725682417415
76,600635.SH,0.007730116448444291,0.003025209487689679,0.007074780194805194,0.0027630668181818203,0.08489736233766232,0.03315680181818184,0.07782258214285713,0.030393735000000022,1.0714285714285714,0.07142857142857142,1565.5478571428569,4125.607857142857,5691.155714285715,0.4665466726000263,0.4659975629109958
77,601038.SH,0.0041305314041864835,0.00229805990939642,0.003779734482758619,0.002102167021943574,0.045356813793103426,0.025226004263322888,0.04157707931034481,0.023123837241379314,1.103448275862069,0.10344827586206896,1118.6582758620689,6564.837586206898,7683.495862068966,0.387110252040981,0.3865305650973437
78,601088.SH,0.0013072536188805765,-0.002177194433890564,0.0011969959213759213,-0.0019973124324324317,0.014363951056511056,-0.02396774918918918,0.013166955135135133,-0.02197043675675675,1.1891891891891893,0.2972972972972973,1148.4783783783782,7081.348918918919,8229.8272972973,0.21540446615878858,0.21516936845102233
79,601865.SH,0.0026435176605151107,-0.007889039798035109,0.0024047143506493503,-0.007244296493506492,0.028856572207792204,-0.0869315579220779,0.026451857857142852,-0.07968726142857141,0.9285714285714286,0.21428571428571427,1313.694285714286,6039.617857142858,7353.312142857144,0.15695651829238436,0.15540002125978034
80,603127.SH,-0.005614993822797398,0.021045076822452897,-0.005170507272727272,0.019254995757575753,-0.06204608727272726,0.23105994909090904,-0.05687557999999999,0.2118049533333333,1.0,0.0,1143.3933333333332,3276.7133333333336,4420.106666666667,-0.19988495368905618,-0.20127366293110008
81,601375.SH,-0.004054482895046547,-0.0016265969385857448,-0.0037191182467532463,-0.001492513766233765,-0.044629418961038954,-0.01791016519480518,-0.04091030071428571,-0.016417651428571416,0.9285714285714286,0.0,875.1728571428572,5878.6671428571435,6753.840000000001,-0.6547473695266198,-0.6549314697535287
82,601330.SH,-0.0032347663064460352,0.0026194887139263214,-0.002968935272727273,0.0023973640909090914,-0.03562722327272727,0.028768369090909095,-0.032658288,0.026371005000000003,1.1,0.2,1261.873,6494.673000000001,7756.546,-0.31697002667503854,-0.31741690901325303
83,601068.SH,0.003526445473484994,-0.00451422547870516,0.0032224538735177864,-0.004144745652173911,0.03866944648221344,-0.04973694782608694,0.03544699260869565,-0.04559220217391302,1.0,0.08695652173913043,1148.1121739130438,4915.559565217391,6063.6717391304355,0.27802615881699133,0.2769466905809473
84,601456.SH,0.010303695782925374,-0.0027913770716478936,0.009439137878787878,-0.002559526818181815,0.11326965454545454,-0.030714321818181782,0.10383051666666666,-0.028154794999999965,1.0,0.0,1123.9933333333333,7071.0233333333335,8195.016666666668,2.6950773044560643,2.692786324880128
85,601066.SH,0.0017664829925217423,0.006662882512016399,0.001614137416267942,0.006103383157894737,0.019369648995215306,0.07324059789473684,0.017755511578947364,0.0671372147368421,1.105263157894737,0.15789473684210525,1258.242105263158,5538.857368421053,6797.099473684209,0.2088340684235194,0.2083135014496411
86,601869.SH,-0.00789682310930137,-0.0012089894267066775,-0.0072417267045454545,-0.0011092659090909045,-0.08690072045454546,-0.013311190909090853,-0.07965899375,-0.012201924999999949,1.125,0.125,1221.1200000000001,6356.9,7578.02,-1.4660937886669176,-1.4667429850947158
87,603259.SH,0.016606622631868757,0.0036620413085939724,0.015187202662337666,0.0033293687662337658,0.18224643194805198,0.039952425194805186,0.16705922928571432,0.03662305642857142,3.642857142857143,2.7142857142857144,2858.842857142857,18636.837142857144,21495.68,0.6007596327316637,0.5995554851749393
88,688180.SH,0.0052030895914380966,-0.008111510392024993,0.004745867424242426,-0.007443896212121211,0.05695040909090911,-0.08932675454545454,0.05220454166666668,-0.08188285833333332,1.0,0.0,1152.2716666666665,6815.386666666666,7967.658333333333,0.3870259357460968,0.3846872308732301
89,601298.SH,0.0011340338755733551,0.0026933580219208734,0.001038437603305785,0.002467460165289256,0.01246125123966942,0.029609521983471075,0.011422813636363634,0.027142061818181816,1.0,0.0,973.06,6426.716363636363,7399.776363636364,0.19459634448065508,0.1944586109651053
90,601077.SH,0.005651804223287371,0.008912478133853586,0.005176815818181819,0.008160626363636365,0.062121789818181825,0.09792751636363638,0.056944974,0.08976689000000002,1.0,0.0,983.9159999999999,8625.91,9609.826000000001,0.397559954929682,0.39751059454803844
91,601916.SH,-0.0013152699536154325,-0.00015544745936343522,-0.001206492987012987,-0.00014317149350649025,-0.014477915844155843,-0.001718057922077883,-0.013271422857142856,-0.0015748864285713927,1.3571428571428572,0.35714285714285715,1415.6128571428574,7921.752857142857,9337.365714285714,-0.3006485844004375,-0.3009449087651945
92,601319.SH,-0.003695247684107302,-0.005574963554880556,-0.003387873939393939,-0.0051115836363636365,-0.04065448727272727,-0.06133900363636364,-0.03726661333333333,-0.05622742,1.0,0.0,1231.2233333333334,5231.73,6462.953333333334,-5.66756051712464,-5.66591776161729
93,688505.SH,-0.00850085976339593,0.0062482451853165255,-0.007803860227272727,0.005723732727272723,-0.09364632272727272,0.06868479272727268,-0.0858424625,0.06296105999999996,1.25,0.25,1298.165,5725.98,7024.145,-0.9363840794332394,-0.93858647191857
94,601598.SH,0.005811849264729126,-0.002230767448680615,0.005323000909090909,-0.002053224090909092,0.06387601090909091,-0.024638689090909105,0.058553009999999996,-0.022585465000000013,0.8333333333333334,0.0,1033.2466666666667,6605.501666666667,7638.748333333334,0.362021855171556,0.36194957395062255
95,601728.SH,-0.000855726173645488,-0.006194895893075869,-0.0007844436363636364,-0.005680123636363637,-0.009413323636363637,-0.06816148363636364,-0.00862888,-0.06248136,1.0,0.0,1267.47,6830.56,8098.03,,
96,601963.SH,-0.0009953280099446182,0.005593381732248048,-0.0009152795454545451,0.005124186363636369,-0.010983354545454542,0.06149023636363642,-0.010068074999999996,0.056366050000000056,1.0,0.0,890.65,6381.799999999999,7272.45,-0.0998106119753174,-0.10017384787540513
97,600956.SH,0.011494563122043088,0.018404840752743533,0.010519535272727273,0.016836704363636365,0.12623442327272727,0.20204045236363638,0.115714888,0.185203748,1.2,0.2,1244.52,7273.33,8517.85,0.4278297881390142,0.42796381075506085
98,601658.SH,-0.004950637588965967,-0.003330700859706659,-0.004539040909090909,-0.003054155000000004,-0.05446849090909091,-0.03664986000000005,-0.04992945,-0.033595705000000045,1.0,0.0,1198.51,4289.344999999999,5487.855,-0.8935608279516658,-0.8935005011792693
99,688009.SH,-0.004147561023275644,0.0010056938765769703,-0.0038033154545454553,0.0009206981818181834,-0.045639785454545466,0.0110483781818182,-0.04183647000000001,0.010127680000000017,1.6666666666666667,0.6666666666666666,1050.8716666666667,6544.156666666667,7595.028333333333,-0.6896769895852408,-0.6900271582545204
100,688185.SH,-0.017644454713281355,0.03445878223132781,-0.016186050909090907,0.031542419090909095,-0.19423261090909089,0.3785090290909091,-0.17804656,0.34696661,1.0,0.0,1120.41,5166.21,6286.62,,
101,601995.SH,0.00718728168631233,-0.008107886258980512,0.006586373636363636,-0.007434747272727273,0.07903648363636363,-0.08921696727272728,0.07245011,-0.08178222,1.0,0.0,1365.9,5518.21,6884.11,,
102,688385.SH,-0.0037773357442623112,-0.01341139918793044,-0.003465000454545454,-0.01230092,-0.041580005454545446,-0.14761104,-0.038115004999999993,-0.13531012,2.0,1.0,1477.1950000000002,6736.030000000001,8213.225,-1.0869357510252338,-1.0864792656525297
103,600188.SH,0.006594670981205645,0.0011739516245294161,0.006035312424242425,0.0010696563636363652,0.0724237490909091,0.012835876363636381,0.06638843666666668,0.011766220000000016,1.2,0.26666666666666666,1398.4946666666665,7036.66,8435.154666666667,0.4901817302508721,0.48970555127244425
104,605198.SH,0.012436548294877836,-0.010411462353139278,0.011394288181818181,-0.009547996363636364,0.13673145818181817,-0.11457595636363636,0.12533717,-0.10502796,1.0,0.0,768.56,8093.52,8862.08,,
105,600876.SH,0.009368663588893534,0.002574812409415127,0.008554763581267218,0.002341925482093662,0.10265716297520662,0.028103105785123948,0.0941023993939394,0.025761180303030286,1.2424242424242424,0.2727272727272727,1419.9366666666667,6228.3154545454545,7648.252121212121,0.42332567268717575,0.4218494248336823
