,AID,annualYieldRate,annualExcessYieldRate,MonthlyYieldRate,MonthlyExcessYieldRate,annualYieldRate(non-compounding),annualExcessYieldRate(non-compounding),originalYieldRate,originalYieldExcessYieldRate,openingTimes,closingTimes,ATF,HTF,TF,SharpeRate(annual),SharpeRate(original)
0,601211.SH,0.01666136081132916,0.00835156131939739,0.008055104404761905,0.004073908333333335,0.09666125285714286,0.048886900000000025,0.04833062642857143,0.024443450000000012,0.5714285714285714,0.0,174.76928571428567,2881.285714285714,3056.0550000000003,0.5717450513648938,0.567396072912384
1,601828.SH,-0.013031493656277964,0.0007325391782668949,-0.00659453076923077,0.0003622712820512809,-0.07913436923076923,0.00434725538461537,-0.03956718461538462,0.002173627692307685,0.3076923076923077,0.0,234.4546153846154,1950.2161538461537,2184.670769230769,-2.2244342903925847,-2.2591401055121354
2,600958.SH,0.002245630467975936,0.0012270459780831236,0.0008876354022988509,0.0005978771264367827,0.010651624827586212,0.007174525517241393,0.005325812413793106,0.003587262758620696,0.4482758620689655,0.0,251.32517241379307,2157.623793103448,2408.9489655172415,0.19698122229144424,0.15681756608436792
3,601811.SH,0.00010211824905949244,0.0012797234223209963,9.325128205128559e-06,0.000635884358974361,0.00011190153846154271,0.007630612307692332,5.595076923077135e-05,0.0038153061538461655,0.34615384615384615,0.0,152.5276923076923,2841.1938461538466,2993.7215384615383,0.01815875739267112,0.003327778739759084
4,601881.SH,0.008235289421278923,0.000998384070548092,0.0038844328070175432,0.0004959605263157887,0.04661319368421052,0.005951526315789464,0.02330659684210526,0.0029757631578947326,0.3684210526315789,0.0,214.05473684210523,2327.205789473684,2541.2605263157893,1.6007463075444919,1.5163351318335772
5,601868.SH,-0.005700158323168614,-0.0069065907768764605,-0.002949975,-0.0034647166666666607,-0.0353997,-0.04157659999999993,-0.01769985,-0.020788299999999964,0.6666666666666666,0.0,300.30333333333334,2009.71,2310.013333333334,-0.7097972350820998,-0.7316312121361467
6,601818.SH,0.008578080205462186,0.00034847185882784564,0.004189247011494253,0.00017303212643678386,0.05027096413793103,0.0020763855172414064,0.025135482068965518,0.0010381927586207032,0.5517241379310345,0.034482758620689655,273.8358620689655,2262.1837931034484,2536.019655172414,2.726515185055491,2.669565470575292
7,600999.SH,-0.002454519763690666,-0.0009019537316445336,-0.0014294545000000005,-0.00045141749999999824,-0.017153454000000005,-0.005417009999999979,-0.008576727000000003,-0.0027085049999999895,0.6,0.0,268.735,1957.02,2225.755,-1.4154254997581346,-1.6475551279230043
8,600600.SH,0.009487539111260683,-0.0029659966019598668,0.004493991439393939,-0.0014891282575757562,0.05392789727272727,-0.017869539090909076,0.026963948636363633,-0.008934769545454538,0.5454545454545454,0.0,188.71863636363634,2896.6586363636366,3085.377272727272,1.4720706785106656,1.3855160745489172
9,600585.SH,0.028976625810657537,0.002690108885870319,0.01404718864197531,0.0013317339506172783,0.16856626370370373,0.01598080740740734,0.08428313185185186,0.00799040370370367,0.3333333333333333,0.0,218.8477777777778,2181.738148148148,2400.585925925926,2.8247496253954334,2.7642569562606627
10,600362.SH,0.011409305934959306,-0.0015985326996375729,0.00548320804347826,-0.0008002936956521714,0.06579849652173912,-0.009603524347826057,0.03289924826086956,-0.004801762173913028,0.391304347826087,0.0,250.83913043478265,1909.6082608695654,2160.4473913043475,4.6993629011103515,4.50944820622417
11,600012.SH,0.005615677745738419,0.00027089612228467324,0.0027204346666666666,0.0001302333333333345,0.032645216,0.0015628000000000141,0.016322608,0.0007814000000000071,0.3333333333333333,0.0,158.198,2979.3786666666665,3137.5766666666664,0.8387438934400504,0.8144778686758378
12,600548.SH,0.0012518692962883908,-0.0010361538016552862,0.0005935223076923074,-0.000518673717948718,0.0071222676923076884,-0.006224084615384616,0.0035611338461538442,-0.0031120423076923085,0.23076923076923078,0.0,166.19076923076923,2572.039230769231,2738.2300000000005,0.6261432004185118,0.5930294674297021
13,601788.SH,-0.011886552585839599,0.0004375617675168889,-0.006030600909090908,0.00021065590909091138,-0.0723672109090909,0.0025278709090909364,-0.03618360545454545,0.0012639354545454682,0.36363636363636365,0.045454545454545456,270.22545454545457,2058.918636363637,2329.14409090909,-1.434332547666163,-1.4636144696263464
14,601688.SH,0.005952139539132883,0.002480317158345069,0.002840356565656566,0.0012254685858585853,0.03408427878787879,0.014705623030303025,0.017042139393939396,0.007352811515151512,0.5757575757575758,0.0,217.29000000000002,2602.207878787878,2819.497878787879,0.5520466548910733,0.5297346891407272
15,601398.SH,0.010849943425448887,0.003120241351167923,0.005298515714285714,0.0015396541904761924,0.06358218857142857,0.01847585028571431,0.031791094285714284,0.009237925142857154,0.45714285714285713,0.0,258.1025714285714,1989.9380000000006,2248.040571428571,0.8490922238541514,0.8409640627360803
16,601939.SH,0.005593019686939647,-0.0003838267398890355,0.0027366216666666666,-0.00019273549382715804,0.03283946,-0.0023128259259258964,0.01641973,-0.0011564129629629482,0.37037037037037035,0.0,189.34370370370374,2491.398888888889,2680.7425925925927,2.1627293114795054,2.118351355787998
17,600808.SH,-0.004115838763700078,-0.001044386346855045,-0.0021471158928571435,-0.0005239173214285684,-0.02576539071428572,-0.006287007857142821,-0.012882695357142862,-0.00314350392857141,0.5,0.0,235.62714285714284,2423.003928571429,2658.631071428571,-1.1346300925422472,-1.1834996139951899
18,600029.SH,0.02873941852974998,0.0023588328736175485,0.013990502740740741,0.0011483274074074099,0.1678860328888889,0.013779928888888918,0.08394301644444445,0.00688996444444446,0.5333333333333333,0.022222222222222223,293.4671111111111,1793.8717777777777,2087.338888888889,1.8014683647912297,1.7733299886387879
19,600547.SH,0.0037775751281370427,-0.0013085282652941853,0.0017693141025641023,-0.0006560165384615447,0.021231769230769228,-0.007872198461538537,0.010615884615384614,-0.0039360992307692685,0.46153846153846156,0.0,354.4153846153846,822.5161538461539,1176.9315384615386,1.0373546026394926,0.9694823148986941
20,601288.SH,0.006882556570114111,-0.0014610958225178688,0.003380905555555556,-0.0007312509722222192,0.04057086666666667,-0.00877501166666663,0.020285433333333335,-0.004387505833333315,0.5416666666666666,0.0,273.7654166666667,1943.9583333333333,2217.7237499999997,3.6135424973354864,3.5455537042862137
21,600026.SH,0.012499408003871015,0.0012640962851635804,0.0058978169047619045,0.0006212152857142864,0.07077380285714285,0.007454583428571436,0.03538690142857143,0.003727291714285718,0.6,0.0,226.44514285714288,2717.311428571428,2943.7565714285715,1.3232536591734765,1.2601228803211058
22,600028.SH,0.0028305198439339888,-0.0012185051924276241,0.0013749530208333333,-0.0006104825000000011,0.01649943625,-0.0073257900000000134,0.008249718125,-0.0036628950000000067,0.625,0.0,216.670625,2672.92875,2889.599375,0.9488770185430538,0.921509727849406
23,600196.SH,0.03464593621137107,-0.00026196417726940966,0.016865642196969694,-0.0001363974242424219,0.20238770636363634,-0.0016367690909090626,0.10119385318181817,-0.0008183845454545313,0.5,0.0,346.85227272727275,1453.1377272727273,1799.99,5.127448726072988,5.011258734659607
24,600377.SH,-0.005513847193107276,-0.0002957341744491098,-0.002788775476190476,-0.00014849999999999876,-0.03346530571428571,-0.001781999999999985,-0.016732652857142854,-0.0008909999999999925,0.4642857142857143,0.0,177.45392857142858,2713.441071428572,2890.8949999999995,-2.425228314102219,-2.4555331534859643
25,600115.SH,0.01977803046609935,-0.0008411923219259466,0.009559098141025641,-0.0004225229487179473,0.11470917769230769,-0.005070275384615367,0.057354588846153846,-0.0025351376923076836,0.46153846153846156,0.0,218.78307692307692,2482.870769230769,2701.653846153846,5.051602561511167,4.889547083867101
26,600690.SH,-0.007471049009812595,-0.00017313238907547466,-0.0038443247619047625,-8.681857142857976e-05,-0.04613189714285715,-0.001041822857142957,-0.023065948571428574,-0.0005209114285714785,0.21428571428571427,0.0,360.8364285714286,423.2607142857143,784.097142857143,-5.111018118494389,-5.253576262377479
27,600036.SH,0.005438764762024833,0.0010912441396613076,0.002646044444444445,0.0005419576388888862,0.03175253333333334,0.0065034916666666335,0.01587626666666667,0.0032517458333333167,0.3055555555555556,0.0,265.6775,1659.078611111111,1924.756111111111,1.0066915670278804,0.9836563884112285
28,601991.SH,-0.000181371621223414,-0.0019005700015161998,-0.0001612331666666665,-0.0009512584999999962,-0.001934797999999998,-0.011415101999999955,-0.000967398999999999,-0.005707550999999977,0.6,0.0,293.19500000000005,1853.4199999999996,2146.6150000000002,-0.0843855868858373,-0.14983723227910015
29,600030.SH,-0.0038898791332651677,-0.0006910433701676725,-0.0020345262345679016,-0.00034855314814814515,-0.02441431481481482,-0.004182637777777742,-0.01220715740740741,-0.002091318888888871,0.5925925925925926,0.0,316.40037037037035,1700.9214814814814,2017.3218518518513,-0.7802656848816111,-0.8190724985351724
30,600688.SH,0.00467575911283246,-0.0010750082694774908,0.0023073659803921564,-0.0005382414705882335,0.027688391764705875,-0.006458897647058802,0.013844195882352939,-0.0032294488235294007,0.35294117647058826,0.0,277.3941176470588,1618.8723529411766,1896.2664705882353,2.0875247344499184,2.0563580607059047
31,601328.SH,0.002327052976085862,-0.00044766166842445345,0.0010766573931623928,-0.00022555461538461305,0.012919888717948714,-0.0027066553846153566,0.006459944358974357,-0.0013533276923076783,0.5128205128205128,0.0,228.43076923076922,2497.6064102564105,2726.0371794871794,0.6215664997307011,0.576645925592238
32,600027.SH,-0.013033727375111388,0.002337673728196217,-0.006630902812499999,0.0011553410416666667,-0.07957083374999999,0.013864092500000001,-0.03978541687499999,0.006932046250000001,0.5,0.0,215.110625,2419.211875,2634.3225,-1.2345404902693886,-1.2675257360747323
33,601998.SH,-2.9075785690412743e-05,0.00029693826713783313,-6.238615740740738e-05,0.00014713828703703935,-0.0007486338888888886,0.0017656594444444723,-0.0003743169444444443,0.000882829722222236,0.4722222222222222,0.027777777777777776,239.74722222222226,2421.740555555555,2661.4877777777783,-0.008803838168053482,-0.037858680757189365
34,600685.SH,-0.0020766712380420856,-0.003261845347505843,-0.0012194821212121209,-0.0016396911363636341,-0.01463378545454545,-0.01967629363636361,-0.007316892727272726,-0.009838146818181804,0.36363636363636365,0.0,262.1172727272728,1802.3609090909092,2064.478181818182,-0.26511226196224325,-0.3091966778728813
35,601988.SH,0.010047536405659108,-0.0008401977313137625,0.0049667886868686876,-0.0004207382323232317,0.059601464242424254,-0.00504885878787878,0.029800732121212124,-0.00252442939393939,0.36363636363636365,0.0,223.23939393939392,2140.9266666666663,2364.166060606061,4.719489232400065,4.659716877785149
36,601588.SH,-0.01167233656386131,-0.00237499765510929,-0.005922872708333332,-0.001189298437499997,-0.07107447249999999,-0.014271581249999964,-0.03553723624999999,-0.007135790624999982,0.5,0.0,211.034375,2598.520625,2809.555,-3.8299941116452505,-3.8798351685233277
37,600011.SH,-0.0047262631535500595,0.0012138659076560926,-0.0025570491666666658,0.0006004793181818189,-0.03068458999999999,0.007205751818181827,-0.015342294999999995,0.0036028759090909134,0.45454545454545453,0.0,266.5222727272727,1852.3127272727274,2118.8349999999996,-0.647114371540543,-0.7052980774177016
38,600660.SH,0.00046468735458051624,-0.0009238366679583485,0.00017621387387387367,-0.00046310630630630895,0.002114566486486484,-0.005557275675675708,0.001057283243243242,-0.002778637837837854,0.2972972972972973,0.0,362.917027027027,844.3275675675675,1207.2445945945944,0.15619062565217648,0.11822658835776481
39,601866.SH,0.007287677712177924,-0.001020262672469411,0.003246308177083334,-0.0005116181249999981,0.03895569812500001,-0.0061394174999999775,0.019477849062500004,-0.0030697087499999887,0.5625,0.0,234.8634375,2395.9528124999997,2630.81625,2.1790881095220795,1.9402818423169303
40,601899.SH,0.029079841331305097,-0.0012497073290786737,0.013873355000000002,-0.0006256397619047613,0.16648026000000002,-0.007507677142857135,0.08324013000000001,-0.003753838571428568,0.35714285714285715,0.0,116.19571428571429,3368.108571428572,3484.3042857142864,12.913823009682087,12.30287389630489
41,600837.SH,0.023843380990278225,-0.0005342887112094265,0.011573532619047618,-0.0002688105952380959,0.13888239142857142,-0.003225727142857151,0.06944119571428571,-0.0016128635714285754,0.39285714285714285,0.0,327.5442857142857,1343.0914285714284,1670.6357142857144,6.4794087074874795,6.294269645204627
42,600332.SH,0.016782192318566123,0.0028277628348277305,0.008097528981481483,0.0013993585185185205,0.09717034777777779,0.016792302222222246,0.048585173888888895,0.008396151111111123,0.2777777777777778,0.0,237.01722222222224,1934.6083333333331,2171.6255555555554,1.553842944099729,1.5120129376712508
43,601633.SH,0.058582956268280896,0.006580678007870942,0.028008161944444443,0.0032343455555555564,0.3360979433333333,0.03881214666666668,0.16804897166666666,0.01940607333333334,0.6666666666666666,0.0,210.24958333333333,3103.2687499999997,3313.5183333333334,2.8137498950190576,2.7211624540331134
44,600775.SH,0.002874332978694475,0.003021014964321155,0.0011331018518518522,0.0014708383333333333,0.013597222222222226,0.01765006,0.006798611111111113,0.00882503,0.5555555555555556,0.0,252.46999999999994,2330.555,2583.025,0.1564697930544851,0.1253484675952445
45,601336.SH,0.008127952402429103,0.0012736187511045109,0.003836687222222222,0.0006222617283950649,0.046040246666666666,0.007467140740740778,0.023020123333333333,0.003733570370370389,0.6666666666666666,0.0,278.93703703703704,2089.2062962962964,2368.143333333334,0.7380477817549922,0.7026824041161029
46,601318.SH,0.009081273822158495,-0.0005252841110553006,0.004452462205882353,-0.00026435700980392195,0.05342954647058823,-0.003172284117647063,0.026714773235294118,-0.0015861420588235316,0.38235294117647056,0.0,220.8547058823529,2318.215588235294,2539.0702941176473,2.4347993028795205,2.393021322368216
47,601601.SH,-0.0009240745968472227,-0.0011660098169668277,-0.0005109835483870969,-0.0005838216129032226,-0.006131802580645163,-0.007005859354838672,-0.0030659012903225817,-0.003502929677419336,0.5483870967741935,0.0,223.17612903225807,2583.984193548387,2807.160322580645,-0.39998635678587474,-0.4421413640507715
48,600016.SH,0.004520626978859287,0.0021857617748124885,0.002184924292929293,0.0010481860606060623,0.02621909151515152,0.012578232727272747,0.01310954575757576,0.006289116363636374,0.6363636363636364,0.0,347.57757575757574,1441.0412121212119,1788.618787878788,0.23083293616046482,0.22897933730123105
49,601628.SH,-0.001673675371740195,-0.0008347880698232487,-0.000881514393939394,-0.0004178483333333334,-0.010578172727272728,-0.005014180000000001,-0.005289086363636364,-0.0025070900000000004,0.5454545454545454,0.0,231.44909090909093,2187.181818181818,2418.6309090909094,-0.9320033333723757,-0.9810364638952718
50,601618.SH,-0.0017182133043601167,-0.000655945444811612,-0.0010674626666666665,-0.0003284024999999982,-0.012809551999999998,-0.0039408299999999785,-0.006404775999999999,-0.0019704149999999893,0.4,0.0,239.12450000000004,1964.203,2203.3275000000003,-0.9673915507217486,-1.2000247529425223
51,601390.SH,0.026783666944798383,-0.0006547307425940217,0.013067726203703701,-0.00033108490740740376,0.15681271444444442,-0.003973018888888845,0.07840635722222221,-0.0019865094444444227,0.5,0.0,269.0538888888889,2053.597222222222,2322.6511111111113,4.793826105139152,4.690859153352141
52,601800.SH,0.004473274000196031,0.0014582725556010355,0.0019841184259259265,0.00071991888888889,0.023809421111111118,0.00863902666666668,0.011904710555555559,0.00431951333333334,0.6111111111111112,0.0,243.2355555555556,2540.6522222222216,2783.8877777777775,0.5109108337863455,0.4555428942579559
53,601992.SH,-0.011300679389717447,-0.000695261926829956,-0.005795885797101451,-0.0003481902173913013,-0.0695506295652174,-0.004178282608695616,-0.0347753147826087,-0.002089141304347808,0.17391304347826086,0.0,200.9908695652174,2006.1513043478255,2207.1421739130433,-5.54354784135812,-5.676237159078054
54,601238.SH,-0.007133474196598223,0.0033502828075645964,-0.0037889308333333327,0.0016121714814814833,-0.045467169999999994,0.0193460577777778,-0.022733584999999997,0.0096730288888889,0.3888888888888889,0.0,244.1761111111111,2132.991111111111,2377.167222222222,-0.3053478482605868,-0.33155195801783044
55,601186.SH,0.005309373384392973,0.0006034819960290705,0.002561833083333333,0.0002994082500000009,0.030741997,0.0035928990000000105,0.0153709985,0.0017964495000000053,0.35,0.0,210.17650000000003,2215.7305000000006,2425.907,1.2041446812222292,1.1672844715136885
56,601766.SH,0.000914909341146317,0.0005378489443868341,0.00032252327380952395,0.00025549172619047965,0.003870279285714287,0.003065900714285756,0.0019351396428571438,0.001532950357142878,0.5714285714285714,0.0,241.3557142857143,2419.4985714285717,2660.8542857142857,0.08610226602859894,0.061177930094523714
57,601898.SH,0.0007633075898666321,-0.0004901186072394898,0.00024984618279569895,-0.00024722435483870816,0.0029981541935483877,-0.0029666922580644977,0.0014990770967741936,-0.001483346129032249,0.5483870967741935,0.0,278.723870967742,1952.9616129032258,2231.6854838709673,0.18114957377187166,0.11895708376882703
58,601808.SH,0.02047776537419519,-0.0021856143376837917,0.00995181950980392,-0.0010948155882352926,0.11942183411764704,-0.01313778705882351,0.05971091705882352,-0.006568893529411755,0.38235294117647056,0.0,248.33500000000004,2189.890294117647,2438.225294117647,6.021162818202859,5.840267504813456
59,601717.SH,-0.007443520954423433,-0.0019322400539879213,-0.003885460222222222,-0.0009697359999999989,-0.04662552266666666,-0.011636831999999988,-0.02331276133333333,-0.005818415999999994,0.4,0.0,298.00966666666665,1569.361666666667,1867.3713333333333,-1.4637649601038871,-1.5230064161704289
60,601919.SH,0.0062512152385132864,-0.0012052854820850255,0.0029216170720720723,-0.000606207027027026,0.03505940486486487,-0.007274484324324312,0.017529702432432435,-0.0036372421621621563,0.40540540540540543,0.0,254.17756756756756,1934.8308108108113,2189.008378378379,1.187257950460857,1.108320799819338
61,603993.SH,0.010175015505062009,-0.00067780499269249,0.004455993666666666,-0.00034270719999999496,0.053471924,-0.00411248639999994,0.026735962,-0.00205624319999997,0.56,0.0,267.18440000000004,1938.568,2205.7524000000003,1.8172409974097137,1.595080049127251
62,688366.SH,-0.008979141605039771,0.0025498888826040456,-0.005030846770833334,0.001254427916666665,-0.06037016125000001,0.015053134999999978,-0.030185080625000006,0.007526567499999989,0.375,0.0,296.07375,1277.48,1573.55375,-0.6834988416406452,-0.7754452854249672
63,601326.SH,-0.0011954737954345308,0.0014490775940366647,-0.0006970661111111109,0.0007162374305555562,-0.00836479333333333,0.008594849166666673,-0.004182396666666665,0.004297424583333337,0.4583333333333333,0.0,219.09666666666666,2419.4525,2638.549166666667,-0.1445359871457423,-0.17012094859864496
64,600875.SH,0.011254208260305624,-0.00047895324977728035,0.005527397608695653,-0.0002461015942028983,0.06632877130434783,-0.0029532191304347793,0.03316438565217392,-0.0014766095652173899,0.43478260869565216,0.0,266.12347826086955,1841.0830434782606,2107.206521739131,1.50751872913624,1.4885247478935697
65,601607.SH,0.013479928307116125,-0.0013311499656096237,0.006609555595238095,-0.0006683953571428582,0.07931466714285715,-0.008020744285714297,0.039657333571428574,-0.004010372142857149,0.7142857142857143,0.0,332.33142857142855,1876.1328571428571,2208.464285714286,2.850501568847362,2.7946607749837904
66,600860.SH,-0.010123476409892628,-0.0007365823194121253,-0.005422052517006802,-0.0003734576530612231,-0.06506463020408162,-0.004481491836734677,-0.03253231510204081,-0.0022407459183673385,0.3877551020408163,0.0,241.03204081632651,2108.3091836734693,2349.341224489796,-1.570816098654259,-1.6808319394584588
67,600871.SH,-0.015770913084115712,-0.00037650318984372915,-0.008045471884057971,-0.0001887613768115947,-0.09654566260869565,-0.0022651365217391363,-0.04827283130434783,-0.0011325682608695682,0.17391304347826086,0.0,242.51173913043485,1646.344782608696,1888.8565217391306,-7.782490515394061,-7.9326117297583325
68,601880.SH,-0.0041259371834692455,-0.0004874261450317034,-0.0020890331249999996,-0.00024381749999999642,-0.025068397499999995,-0.002925809999999957,-0.012534198749999998,-0.0014629049999999786,0.4583333333333333,0.0,171.67041666666668,2548.7516666666666,2720.4220833333334,-5.227952483874679,-5.290743472493136
69,600874.SH,0.0031930262599827266,-0.0021107842482710965,0.001405990092592592,-0.0010629296296296316,0.016871881111111105,-0.01275515555555558,0.008435940555555552,-0.00637757777777779,0.5555555555555556,0.0,192.18333333333334,2833.0444444444447,3025.2277777777776,0.4179842086412963,0.36589647525773417
70,601857.SH,-0.003958466694096214,-0.0021842473065657965,-0.00205072282051282,-0.0010993127564102529,-0.02460867384615384,-0.013191753076923034,-0.012304336923076921,-0.006595876538461517,0.6923076923076923,0.0,276.35923076923075,2348.019615384615,2624.3788461538466,-0.5341074048089955,-0.5541177492105174
71,601005.SH,-0.012285217824474332,0.0014935271770008362,-0.006265922833333333,0.0007367528333333374,-0.075191074,0.008841034000000048,-0.037595537,0.004420517000000024,0.65,0.0,239.48049999999995,2351.4135,2590.894,-1.3499012994820283,-1.3837791987886976
72,601333.SH,-0.008484786515231059,0.0003950779989692683,-0.004382566296296297,0.0001947209259259257,-0.052590795555555556,0.0023366511111111085,-0.026295397777777778,0.0011683255555555543,0.2777777777777778,0.0,194.94444444444446,2393.5294444444444,2588.4738888888887,-1.7368293442859428,-1.800077899840926
73,601727.SH,-0.004628752138700101,0.00039049700264267797,-0.0024077415333333334,0.00019317206666666874,-0.0288928984,0.002318064800000025,-0.0144464492,0.0011590324000000124,0.36,0.04,261.8068,1950.6156,2212.4224000000004,-1.1164608630511643,-1.1628704533918226
74,601107.SH,0.001372964926543942,-0.0004377896186514312,0.000653273857142857,-0.00022076133333333235,0.007839286285714285,-0.002649135999999988,0.003919643142857142,-0.001324567999999994,0.5428571428571428,0.02857142857142857,215.68799999999996,2826.5657142857144,3042.2537142857145,0.35246685370404207,0.3354459002825879
75,601111.SH,0.0010386468741640906,0.0020238698941204003,0.0003592698412698409,0.0010026598015873045,0.004311238095238091,0.012031917619047653,0.0021556190476190455,0.0060159588095238265,0.4523809523809524,0.0,234.7695238095238,2264.347619047619,2499.117142857143,0.12180008990936447,0.08474455455193947
76,601600.SH,0.008652714458092368,-0.0005972432664943378,0.0039807204166666665,-0.00029892968749999955,0.047768645,-0.003587156249999995,0.0238843225,-0.0017935781249999974,0.3125,0.0,237.14875,1757.7868749999998,1994.935625,5.777366547825539,5.310620026078253
77,600635.SH,0.01603040967215989,0.004240901212942282,0.007782262685185185,0.0020878987037036977,0.09338715222222223,0.025054784444444374,0.046693576111111114,0.012527392222222187,0.3888888888888889,0.0,364.15833333333336,1395.042222222222,1759.2005555555556,0.987533416251906,0.9703773895649231
78,601038.SH,0.0012442380588468039,9.94954162233156e-05,0.0004616650574712641,4.0572758620691545e-05,0.00553998068965517,0.0004868731034482985,0.002769990344827585,0.00024343655172414926,0.4827586206896552,0.0,243.60655172413797,2320.089655172414,2563.6962068965518,0.1416322782850654,0.10590334157409627
79,601088.SH,0.011604126334438029,-0.00015531211712604693,0.005729487764227641,-8.163735772357599e-05,0.0687538531707317,-0.0009796482926829118,0.03437692658536585,-0.0004898241463414559,0.6829268292682927,0.024390243902439025,264.89024390243895,2487.8921951219513,2752.7824390243904,2.0242796194946906,2.00635734855454
80,601865.SH,0.0649795654031374,-0.0037172412606352456,0.029346465833333335,-0.0018632353124999979,0.35215759,-0.022358823749999975,0.176078795,-0.011179411874999988,0.5625,0.0,307.403125,1737.795,2045.198125,13.160238225134952,11.841759319987322
81,603127.SH,-0.05673518493967624,-0.001109384079239532,-0.029085511388888888,-0.0005607522222222193,-0.34902613666666665,-0.006729026666666632,-0.17451306833333333,-0.0033645133333333158,0.8333333333333334,0.0,349.5016666666666,1452.118333333333,1801.6200000000001,-7.5378937631210645,-7.727448573628392
82,601375.SH,-0.0007237344600419355,-0.0013866061843404627,-0.0004429661111111109,-0.0006944658730158737,-0.005315593333333331,-0.008333590476190485,-0.0026577966666666655,-0.004166795238095242,0.42857142857142855,0.0,234.2104761904762,2222.1457142857143,2456.3561904761905,-0.2606571885334523,-0.3184053331615376
83,601330.SH,-0.026325539117364665,0.002472502057038741,-0.01339224347222222,0.0012233559722222224,-0.16070692166666664,0.014680271666666668,-0.08035346083333332,0.007340135833333335,0.3333333333333333,0.0,253.60583333333338,1888.2916666666663,2141.8974999999996,-2.5355602633239958,-2.60144050105657
84,601068.SH,0.021362708920327225,0.00925924943358922,0.010141522101449278,0.00442651884057971,0.12169826521739133,0.053118226086956516,0.060849132608695664,0.026559113043478258,0.30434782608695654,0.0,220.59782608695645,2000.2717391304352,2220.8695652173915,0.5076380847787503,0.5044402203794157
85,601456.SH,-0.0006065994473116315,-0.0003966965186674304,-0.00037066187500000024,-0.0001986497916666673,-0.004447942500000003,-0.0023837975000000075,-0.0022239712500000015,-0.0011918987500000038,0.625,0.0,307.055,1964.62375,2271.67875,-0.3780664360230418,-0.4618440205079926
86,601066.SH,-0.007836051771833453,-5.688829078820985e-06,-0.004092861315789473,-6.403771929822001e-06,-0.049114335789473676,-7.684526315786402e-05,-0.02455716789473684,-3.842263157893201e-05,0.5263157894736842,0.0,294.1963157894738,1589.5757894736842,1883.7721052631582,-1.4265346136138655,-1.4930932622492936
87,601869.SH,-0.014719205038095281,-0.0038337902352972605,-0.00747006314814815,-0.001920136666666663,-0.0896407577777778,-0.023041639999999957,-0.0448203788888889,-0.011520819999999979,0.7777777777777778,0.0,296.5222222222222,2206.943333333333,2503.465555555555,-4.158897289201432,-4.211782891372785
88,603259.SH,0.013996787635146658,0.003942867538338025,0.006376055476190477,0.001956165476190468,0.07651266571428572,0.023473985714285613,0.03825633285714286,0.011736992857142808,0.38095238095238093,0.0,239.1919047619048,2188.7747619047623,2427.9666666666662,1.3094897027363124,1.2039833262524646
89,688180.SH,-0.0013013201264866594,0.0006957795785375435,-0.0009508122727272713,0.00033748272727272864,-0.011409747272727255,0.004049792727272744,-0.005704873636363628,0.002024896363636372,0.5454545454545454,0.0,265.03090909090906,2063.7818181818184,2328.812727272727,-0.13600939383811686,-0.1992557473360589
90,601298.SH,-0.002931672206263447,0.0003173839103848536,-0.0015007314705882352,0.0001531632352941215,-0.018008777647058823,0.001837958823529458,-0.009004388823529412,0.000918979411764729,0.7058823529411765,0.0,224.00529411764705,2586.470588235294,2810.475882352941,-0.42710271308917946,-0.43830094614349335
91,601077.SH,-0.0044049858415937115,-0.0016899293612941402,-0.00221769625,-0.0008454591666666626,-0.026612355000000004,-0.010145509999999951,-0.0133061775,-0.005072754999999976,0.75,0.0,257.0625,3076.495,3333.5575,-3.6451443174396805,-3.6679386678992256
92,601916.SH,-0.00372143831381241,0.0010124304286026223,-0.0018795070238095237,0.0005024588095238106,-0.022554084285714284,0.006029505714285727,-0.011277042142857142,0.003014752857142864,0.5,0.0,260.3721428571429,1982.825,2243.197142857143,-0.6625488174382378,-0.6721605061738153
93,601319.SH,0.0002527633210153979,-0.002132998749248355,0.00010814666666666654,-0.0010675316666666624,0.0012977599999999985,-0.01281037999999995,0.0006488799999999992,-0.006405189999999975,0.75,0.0,326.175,1799.95,2126.125,0.11393757060123186,0.09738279625025541
94,688505.SH,-0.022533173505233522,-0.0011054690987446017,-0.011479708333333333,-0.0005556723809523775,-0.1377565,-0.0066680685714285304,-0.06887825,-0.003334034285714265,0.42857142857142855,0.0,270.9185714285714,1749.8428571428574,2020.7614285714285,-4.428250091473629,-4.504546619912757
95,601598.SH,0.00013899671636579124,-0.002486090782976369,-5.848166666666196e-06,-0.0012446724999999948,-7.017799999999435e-05,-0.014936069999999937,-3.508899999999718e-05,-0.007468034999999968,0.6,0.0,273.158,2207.84,2480.9980000000005,0.050582729913834425,-0.004248913235997923
96,601728.SH,0.032226654423343715,1.8783343098682792e-06,0.0158742325,9.391666666670161e-07,0.19049078999999997,1.1270000000004193e-05,0.095245395,5.635000000002097e-06,0.0,0.0,210.155,1647.0749999999998,1857.23,37053.112983695355,36503.34129063216
97,601963.SH,-0.014260471577498471,-0.0005349539966639227,-0.007161911666666667,-0.0002675755555555555,-0.08594294000000001,-0.003210906666666666,-0.042971470000000005,-0.001605453333333333,0.6666666666666666,0.0,207.12333333333333,2462.096666666667,2669.22,-16.439017554601524,-16.505577522834056
98,600956.SH,-0.007375527450857382,-0.0036322436287968642,-0.003916748888888888,-0.001822340555555548,-0.04700098666666666,-0.021868086666666574,-0.02350049333333333,-0.010934043333333287,0.5,0.0,272.945,2061.5750000000003,2334.52,-1.119795607586812,-1.1841853254109171
99,601658.SH,-0.009397395804854524,-0.000920217429061676,-0.004726704666666667,-0.00046039499999999675,-0.056720456,-0.005524739999999961,-0.028360228000000005,-0.0027623699999999806,0.4,0.0,231.848,2027.866,2259.7140000000004,-7.003278894189113,-7.040218765135657
100,688009.SH,-0.013713698300216737,0.0012065738212447552,-0.006940045416666668,0.0005935616666666669,-0.08328054500000001,0.007122740000000002,-0.041640272500000006,0.0035613700000000016,0.75,0.0,278.375,2329.7174999999997,2608.0925,-1.3565952212571828,-1.3752987202323084
101,688185.SH,0.030457269893741312,0.02651808518028928,0.013490103333333331,0.012838603333333337,0.16188123999999998,0.15406324000000005,0.08094061999999999,0.07703162000000002,1.0,0.0,303.3175,2567.095,2870.4125000000004,0.4935904023742851,0.4493211812605804
102,601995.SH,-0.018398423612186687,-0.006409925161686814,-0.009241918333333333,-0.003210115,-0.11090301999999999,-0.03852138,-0.05545151,-0.01926069,1.0,0.0,261.82,3655.43,3917.25,,
103,688981.SH,0.029090456794006653,-0.0004293402812747815,0.013924235833333335,-0.00021472083333332905,0.16709083000000002,-0.0025766499999999486,0.08354541500000001,-0.0012883249999999743,0.5,0.0,362.18,330.16,692.34,53.58949715768084,51.28809731276361
104,688385.SH,0.02934172717702819,1.8058098089523966e-05,0.014470611,9.028999999999983e-06,0.173647332,0.00010834799999999978,0.086823666,5.417399999999989e-05,0.0,0.0,252.33800000000002,1234.768,1487.1060000000002,3223.8731871755817,3179.9016611154616
105,600188.SH,-0.012142926024832764,-0.0017537108481594363,-0.006286338444444445,-0.0008785584444444411,-0.07543606133333333,-0.010542701333333293,-0.037718030666666666,-0.0052713506666666465,0.3333333333333333,0.0,224.94000000000003,2100.8986666666665,2325.838666666667,-3.622927376029303,-3.7419137273878276
106,688235.SH,0.004482840671892374,4.635595999027409e-05,0.0019075476666666651,2.3177666666662625e-05,0.02289057199999998,0.0002781319999999515,0.01144528599999999,0.00013906599999997574,0.0,0.0,204.592,1706.882,1911.4739999999997,211.9634221440623,180.3946880651598
107,688236.SH,0.015403417162582977,2.1640117072285747e-05,0.007672276666666666,1.081999999999935e-05,0.09206732,0.00012983999999999218,0.04603366,6.491999999999609e-05,0.0,0.0,116.83,2565.36,2682.19,,
108,600941.SH,0.1399722073009364,3.292693770795552e-05,0.06769481000000001,1.6463333333336754e-05,0.8123377200000002,0.00019756000000004104,0.40616886,9.878000000002052e-05,0.0,0.0,128.96,2445.72,2574.68,,
109,605198.SH,-0.0009397666593370824,4.1760058357098725e-06,-0.0005475013333333333,2.088000000000668e-06,-0.006570016,2.5056000000008015e-05,-0.003285008,1.2528000000004007e-05,0.0,0.0,175.76600000000002,1984.882,2160.648,-345.93819627414274,-403.0831218855325
110,600876.SH,0.015685505491525822,-0.0013971019152067918,0.007240721206896551,-0.0007008418390804599,0.08688865448275862,-0.008410102068965518,0.04344432724137931,-0.004205051034482759,0.27586206896551724,0.0,300.0779310344828,1411.296896551724,1711.3748275862067,3.8217954746444858,3.517784269119907
